0.020156377066712312
0.012515325697732001
0.008195236343491457
0.0029852978993069584
0.001096321469862221
-0.001682504049526469
-0.005351178658859113
-0.008781418923155706
-0.008890697172712535
-0.009889824512213319
-0.011778800941658056
-0.01342934302606674
-0.01596973420041938
-0.018271691029735963
-0.020335213514016497
-0.022462624288497286
-0.02126907304823831
-0.02096537089792329
-0.02155151783755222
-0.021899230432145103
-0.023136792116681935
-0.024135919456182715
-0.024896612450647452
-0.02572119373531244
-0.02743562410992137
-0.028911620139494262
-0.03014918182403109
-0.031450631798768176
-0.03251364742846922
-0.03364055134837052
-0.03483134355847206
-0.036005016952808645
-0.03385772833240546
-0.03260028880194623
-0.03223269836143096
-0.03162667357587963
-0.031910497880272254
-0.03195588783962883
-0.03176284345394935
-0.03163368735847013
-0.032394380352934855
-0.03291663900236354
-0.03320046330675617
-0.03354817590134905
-0.03365745415090588
-0.03383062069066296
-0.0340676755206203
-0.03428761153481268
-0.035397396638949
-0.036268747398049285
-0.0369016638121135
-0.037598468516377985
-0.0380568388756064
-0.038579097525035085
-0.03916524446466402
-0.03973427258852799
-0.0400648663673559
-0.040459348436384074
-0.040917718795612505
-0.04135897033907597
-0.04186411017273968
-0.04235213119063844
-0.04282303339277223
-0.04329852256776561
-0.03680141130901295
-0.03217260270562745
-0.029412096757609092
-0.026150980621868186
-0.024758167141494418
-0.022864743473398112
-0.02047070961757925
-0.018210813857283438
-0.01781922075235478
-0.01692701745970357
-0.015534203979329808
-0.014275528594479097
-0.012516243021905838
-0.010891095544855631
-0.009400086163328472
-0.007873134587431663
-0.00962052184055517
-0.010490552648696817
-0.010483227011856599
-0.010710988325923513
-0.010061393195008567
-0.00964688501500075
-0.009467463785900064
-0.00922505119815272
-0.00810528216542351
-0.007220600083601431
-0.006571004952686485
-0.005858418463124879
-0.0053809189244704006
-0.004840428027169263
-0.004236945771221465
-0.0036503419989531794
0.007750121372779849
0.016253019797772755
0.021858353276025536
0.028240086941774063
0.03172425566078248
0.03598482456728663
0.04102179366128652
0.045850726952043556
0.025285516517609772
0.011524646386820731
0.004568116559676428
-0.0042116307568560215
-0.0061870377697437265
-0.009985662272019582
-0.015607504263683585
-0.020740816601439737
-0.02042387747262537
-0.021567328822825117
-0.024171170652038977
-0.026383702031766907
-0.030056623890508942
-0.03333823529976505
-0.036228536259535225
-0.03922368853823501
-0.04367923129594892
-0.04774346360417689
-0.05141638546291892
-0.05519415864059058
-0.05858062136877629
-0.06207193541589162
-0.06566810078193658
-0.06923617132174902
-0.06148440871654745
-0.056765786261007437
-0.055080303955128994
-0.05258209419561832
-0.05311702458576919
-0.05283922752228783
-0.05174870300517424
-0.050875948152928015
-0.05303633345034334
-0.05438399129412645
-0.05491892168427732
-0.05567162173929556
-0.05561159434068155
-0.05576933660693492
-0.05614484853805564
-0.056462009263339163
-0.06281653854065922
-0.067553359790052
-0.07067247301151758
-0.07422504979265558
-0.07615991854586633
-0.07852825085874954
-0.08133004673130523
-0.08401569639309835
-0.08070541918846681
-0.07900174574556983
-0.07890467606440743
-0.07837711820273142
-0.07945616410279
-0.08010472182233497
-0.08032279136136636
-0.08065620986071753
-0.09528204945412577
-0.10607824635749587
-0.11304480057082782
-0.12103750445025527
-0.055149064223686275
-0.009057016896206447
0.01723863753218426
0.04883871945093511
0.18187661590584156
0.28773433187380715
0.3664118673548318
0.45237231024746444
0.5042943263187549
0.56533691136845
0.6355000653965494
0.703219370332373
0.682879874445348
0.6861356631252584
0.6032547950216841
0.5434541745419614
0.38900825670513106
0.2599224698625412
0.15619681401419175
0.045675931545988105
-0.056155651707425036
-0.1603155256682337
-0.17620595942961068
-0.21574811840877264
-0.1594470664350898
-0.12882712543622746
-0.1238882954121856
-0.11206823244170656
-0.08089468611455483
-0.054906890023552715
-0.03410484416870022
-0.01191328072592194
-0.03184278533608982
-0.04048598377713442
-0.037842876049055736
-0.038223924944524035
-0.0341599926283462
-0.031287089438200466
-0.029605215374086814
-0.027604206017490925
-0.026794225786927126
-0.02566511026388108
-0.024216859448352793
-0.022854120676721393
-0.026448483351890765
-0.028714594697590724
-0.02965245471382126
-0.0309462186011287
-0.03091173115896671
-0.03123314758788162
-0.03191046788787343
-0.03249242403302708
-0.03174612884871131
-0.03135573753547243
-0.03132125009331045
-0.03119139849631031
-0.03141745077038705
-0.03154813888962563
-0.03158346285402606
-0.03164433956670224
-0.024604312467110326
-0.019466966809546727
-0.016232302594011448
-0.012487816422630998
-0.010646011693278869
-0.008294385008081566
-0.005432936367039089
-0.0027080941073489833
-0.0018859332896871905
-0.0005539505161802278
0.0012878542131719056
0.0029930525611716703
0.0052080728650166054
0.0072864867875091725
0.00922829432864937
0.011206705439353874
0.01128243510803006
0.011867986732551416
0.012963360312917945
0.013922127511932106
0.01539071666679144
0.016722699440298406
0.017918075832452997
0.019150055794171894
0.020891857711735965
0.022497053247947665
0.023965642402807
0.025470835127230636
0.026839421470301904
0.02824461138293748
0.029686404865137357
0.03111839045043239
