-0.060
-0.040
-0.025
-0.015
-0.010
-0.015
-0.020
-0.030
-0.040
-0.045
-0.050
-0.045
-0.040
-0.035
-0.025
-0.015
-0.010
-0.005
-0.005
-0.010
-0.015
-0.025
-0.030
-0.040
-0.045
-0.045
-0.045
-0.040
-0.035
-0.030
-0.020
-0.015
-0.015
-0.015
-0.015
-0.020
-0.030
-0.035
-0.040
-0.040
-0.040
-0.035
-0.035
-0.030
-0.030
-0.030
-0.030
-0.035
-0.040
-0.045
-0.045
-0.045
-0.045
-0.040
-0.030
-0.025
-0.020
-0.020
-0.020
-0.025
-0.030
-0.040
-0.050
-0.055
-0.060
-0.060
-0.060
-0.055
-0.045
-0.040
-0.035
-0.030
-0.025
-0.025
-0.025
-0.025
-0.025
-0.025
-0.025
-0.020
-0.020
-0.015
-0.015
-0.015
-0.015
-0.015
-0.015
-0.010
-0.010
-0.005
0.000
0.005
0.005
0.005
0.010
0.010
0.010
0.010
0.015
0.020
0.030
0.035
0.035
0.040
0.035
0.025
0.015
0.000
-0.010
-0.020
-0.030
-0.030
-0.030
-0.030
-0.025
-0.025
-0.025
-0.030
-0.035
-0.040
-0.045
-0.050
-0.055
-0.060
-0.060
-0.060
-0.060
-0.065
-0.065
-0.065
-0.070
-0.075
-0.075
-0.075
-0.075
-0.070
-0.065
-0.055
-0.050
-0.045
-0.045
-0.045
-0.050
-0.055
-0.065
-0.070
-0.080
-0.080
-0.085
-0.085
-0.080
-0.075
-0.070
-0.065
-0.065
-0.070
-0.075
-0.085
-0.095
-0.105
-0.115
-0.115
-0.110
-0.095
-0.070
-0.030
0.020
0.085
0.160
0.245
0.335
0.425
0.515
0.590
0.655
0.690
0.695
0.670
0.610
0.520
0.405
0.280
0.150
0.030
-0.070
-0.145
-0.185
-0.200
-0.190
-0.165
-0.130
-0.095
-0.065
-0.045
-0.035
-0.030
-0.030
-0.035
-0.040
-0.040
-0.040
-0.040
-0.035
-0.035
-0.030
-0.025
-0.025
-0.025
-0.025
-0.025
-0.030
-0.035
-0.040
-0.045
-0.050
-0.055
-0.055
-0.050
-0.050
-0.040
-0.035
-0.030
-0.025
-0.020
-0.015
-0.010
-0.010
-0.005
0.000
0.005
0.010
0.010
0.010
0.010
0.005
0.000
0.000
0.000
0.000
0.000
0.005
0.010
0.015
0.015
0.020
0.020
0.020
0.020
0.020
0.025
0.030
0.040
0.045
0.050
0.055
0.055
